0 0.357421875 0.62353515625 0.037109375 0.0615234375
0 0.1669921875 0.255859375 0.0390625 0.056640625
0 0.58203125 0.06396484375 0.03125 0.0830078125
0 0.0556640625 0.416015625 0.041015625 0.046875
0 0.30712890625 0.45849609375 0.0205078125 0.0615234375
0 0.359375 0.81103515625 0.025390625 0.0556640625
0 0.2197265625 0.87841796875 0.02734375 0.0537109375
0 0.1923828125 0.580078125 0.025390625 0.048828125
0 0.18359375 0.646484375 0.02734375 0.04296875
0 0.62060546875 0.8876953125 0.0283203125 0.046875
0 0.8349609375 0.26318359375 0.03515625 0.0576171875
1 0.54443359375 0.599609375 0.0322265625 0.04296875
